1.7677e-07
6.24988e-08
3.40203e-08
2.20969e-08
1.58113e-08
1.20281e-08
9.54499e-09
7.81246e-09
6.54726e-09
5.59015e-09
4.84545e-09
4.25257e-09
3.77145e-09
3.37467e-09
3.0429e-09
2.76213e-09
2.52203e-09
2.31481e-09
2.13449e-09
1.97642e-09
1.83694e-09
1.71313e-09
1.60263e-09
1.50351e-09
1.41421e-09
1.33341e-09
1.26002e-09
1.19313e-09
1.13195e-09
1.07583e-09
1.02419e-09
9.76561e-10
9.3251e-10
8.91674e-10
8.53734e-10
8.1841e-10
7.85456e-10
7.54656e-10
7.25818e-10
6.98771e-10
6.73362e-10
6.49457e-10
6.26934e-10
6.05683e-10
5.85607e-10
5.66615e-10
5.48628e-10
5.31573e-10
5.15384e-10
5e-10
4.85366e-10
4.71433e-10
4.58153e-10
4.45486e-10
4.33392e-10
4.21835e-10
4.10783e-10
4.00205e-10
3.90074e-10
3.80363e-10
3.71048e-10
3.62107e-10
3.5352e-10
3.45267e-10
3.3733e-10
3.29692e-10
3.22339e-10
3.15255e-10
3.08426e-10
3.01841e-10
2.95486e-10
2.89352e-10
2.83427e-10
2.77701e-10
2.72165e-10
2.66811e-10
2.61631e-10
2.56616e-10
2.51759e-10
2.47053e-10
2.42492e-10
2.3807e-10
2.3378e-10
2.29618e-10
2.25578e-10
2.21655e-10
2.17844e-10
2.14141e-10
2.10543e-10
2.07043e-10
2.0364e-10
2.00329e-10
1.97106e-10
1.93969e-10
1.90915e-10
1.87939e-10
1.85041e-10
1.82216e-10
1.79462e-10
1.76777e-10
1.74158e-10
1.71603e-10
1.6911e-10
1.66677e-10
1.64301e-10
1.61982e-10
1.59716e-10
1.57503e-10
1.55341e-10
1.53227e-10
1.51161e-10
1.49141e-10
1.47166e-10
1.45234e-10
1.43344e-10
1.41494e-10
1.39684e-10
1.37912e-10
1.36177e-10
1.34479e-10
1.32815e-10
1.31185e-10
1.29589e-10
1.28024e-10
1.26491e-10
1.24988e-10
1.23515e-10
1.2207e-10
1.20654e-10
1.19264e-10
1.17901e-10
1.16564e-10
1.15252e-10
1.13964e-10
1.127e-10
1.11459e-10
1.10241e-10
1.09045e-10
1.0787e-10
1.06717e-10
1.05584e-10
1.0447e-10
1.03376e-10
1.02301e-10
1.01245e-10
1.00206e-10
9.91857e-11
9.81821e-11
9.71953e-11
9.6225e-11
9.52707e-11
9.43321e-11
9.34088e-11
9.25004e-11
9.16067e-11
9.07273e-11
8.98619e-11
8.90101e-11
8.81717e-11
8.73464e-11
8.65339e-11
8.57339e-11
8.49461e-11
8.41704e-11
8.34063e-11
8.26538e-11
8.19125e-11
8.11822e-11
8.04627e-11
7.97538e-11
7.90553e-11
7.83668e-11
7.76883e-11
7.70196e-11
7.63603e-11
7.57105e-11
7.50698e-11
7.4438e-11
7.38151e-11
7.32009e-11
7.25951e-11
7.19976e-11
7.14082e-11
7.08269e-11
7.02534e-11
6.96876e-11
6.91294e-11
6.85785e-11
6.8035e-11
6.74986e-11
6.69692e-11
6.64466e-11
6.59309e-11
6.54218e-11
6.49192e-11
6.4423e-11
6.39331e-11
6.34493e-11
6.29717e-11
6.25e-11
6.20341e-11
6.15741e-11
6.11197e-11
6.06708e-11
6.02274e-11
5.97894e-11
5.93567e-11
5.89291e-11
5.85067e-11
5.80893e-11
5.76768e-11
5.72692e-11
5.68664e-11
5.64682e-11
5.60747e-11
5.56858e-11
5.53013e-11
5.49212e-11
5.45455e-11
5.4174e-11
5.38067e-11
5.34436e-11
5.30845e-11
5.27294e-11
5.23783e-11
5.2031e-11
5.16876e-11
5.13479e-11
5.10119e-11
5.06796e-11
5.03509e-11
5.00257e-11
4.9704e-11
4.93857e-11
4.90708e-11
4.87592e-11
4.8451e-11
4.81459e-11
4.78441e-11
4.75454e-11
4.72497e-11
4.69572e-11
4.66676e-11
4.6381e-11
4.60973e-11
4.58165e-11
4.55386e-11
4.52634e-11
4.4991e-11
4.47214e-11
4.44544e-11
4.419e-11
4.39283e-11
4.36691e-11
4.34125e-11
4.31584e-11
4.29067e-11
4.26575e-11
4.24107e-11
4.21662e-11
4.19241e-11
4.16843e-11
4.14468e-11
4.12116e-11
4.09785e-11
4.07476e-11
4.05189e-11
4.02924e-11
4.00679e-11
3.98455e-11
3.96252e-11
3.94068e-11
3.91905e-11
3.89762e-11
3.87638e-11
3.85533e-11
3.83447e-11
3.8138e-11
3.79331e-11
3.77301e-11
3.75289e-11
3.73294e-11
3.71317e-11
3.69358e-11
3.67416e-11
3.6549e-11
3.63582e-11
3.6169e-11
3.59814e-11
3.57955e-11
3.56111e-11
3.54283e-11
3.52471e-11
3.50674e-11
3.48893e-11
3.47126e-11
3.45374e-11
3.43638e-11
3.41915e-11
3.40207e-11
3.38513e-11
3.36833e-11
3.35167e-11
3.33514e-11
3.31875e-11
3.3025e-11
3.28638e-11
3.27039e-11
3.25452e-11
3.23879e-11
3.22318e-11
3.20769e-11
3.19233e-11
3.1771e-11
3.16198e-11
3.14698e-11
3.1321e-11
3.11734e-11
3.10269e-11
3.08816e-11
3.07374e-11
3.05943e-11
3.04524e-11
3.03115e-11
3.01717e-11
3.0033e-11
2.98953e-11
2.97587e-11
2.96231e-11
2.94886e-11
2.93551e-11
2.92225e-11
2.9091e-11
2.89604e-11
2.88309e-11
2.87023e-11
2.85746e-11
2.84479e-11
2.83221e-11
2.81972e-11
2.80733e-11
2.79503e-11
2.78281e-11
2.77069e-11
2.75865e-11
2.7467e-11
2.73483e-11
2.72305e-11
2.71136e-11
2.69975e-11
2.68822e-11
2.67677e-11
2.6654e-11
2.65412e-11
2.64291e-11
2.63178e-11
2.62073e-11
2.60976e-11
2.59886e-11
2.58804e-11
2.5773e-11
2.56662e-11
2.55602e-11
2.5455e-11
2.53504e-11
2.52466e-11
2.51435e-11
2.50411e-11
2.49394e-11
2.48383e-11
2.4738e-11
2.46383e-11
2.45393e-11
2.44409e-11
2.43432e-11
2.42462e-11
2.41498e-11
2.4054e-11
2.39589e-11
2.38643e-11
2.37705e-11
2.36772e-11
2.35845e-11
2.34924e-11
2.3401e-11
2.33101e-11
2.32198e-11
2.31301e-11
2.3041e-11
2.29524e-11
2.28644e-11
2.2777e-11
2.26901e-11
2.26038e-11
2.2518e-11
2.24327e-11
2.2348e-11
2.22639e-11
2.21802e-11
2.20971e-11
2.20145e-11
2.19324e-11
2.18508e-11
2.17697e-11
2.16891e-11
2.16091e-11
2.15295e-11
2.14504e-11
2.13717e-11
2.12936e-11
2.12159e-11
2.11387e-11
2.1062e-11
2.09857e-11
2.09099e-11
2.08346e-11
2.07597e-11
2.06852e-11
2.06112e-11
2.05377e-11
2.04645e-11
2.03918e-11
2.03196e-11
2.02477e-11
2.01763e-11
2.01053e-11
2.00347e-11
1.99645e-11
1.98948e-11
1.98254e-11
1.97565e-11
1.96879e-11
1.96197e-11
1.9552e-11
1.94846e-11
1.94176e-11
1.9351e-11
1.92847e-11
1.92189e-11
1.91534e-11
1.90883e-11
1.90236e-11
1.89592e-11
1.88952e-11
1.88315e-11
1.87682e-11
1.87053e-11
1.86427e-11
1.85804e-11
1.85185e-11
1.8457e-11
1.83957e-11
1.83349e-11
1.82743e-11
1.82141e-11
1.81542e-11
1.80947e-11
1.80354e-11
1.79765e-11
1.79179e-11
1.78597e-11
1.78017e-11
1.77441e-11
1.76867e-11
1.76297e-11
1.7573e-11
1.75166e-11
1.74605e-11
1.74047e-11
1.73491e-11
1.72939e-11
1.7239e-11
1.71844e-11
1.713e-11
1.70759e-11
1.70222e-11
1.69687e-11
1.69154e-11
1.68625e-11
1.68098e-11
1.67574e-11
1.67053e-11
1.66535e-11
1.66019e-11
1.65505e-11
1.64995e-11
1.64487e-11
1.63982e-11
1.63479e-11
1.62979e-11
1.62481e-11
1.61986e-11
1.61493e-11
1.61003e-11
1.60516e-11
1.6003e-11
1.59548e-11
1.59067e-11
1.58589e-11
1.58114e-11
1.57641e-11
1.5717e-11
1.56701e-11
1.56235e-11
1.55771e-11
1.5531e-11
1.54851e-11
1.54394e-11
1.53939e-11
1.53486e-11
1.53036e-11
1.52588e-11
1.52142e-11
1.51698e-11
1.51257e-11
1.50817e-11
1.5038e-11
1.49944e-11
1.49511e-11
1.4908e-11
1.48651e-11
1.48224e-11
1.47799e-11
1.47376e-11
1.46956e-11
1.46537e-11
1.4612e-11
1.45705e-11
1.45292e-11
1.44881e-11
1.44472e-11
1.44065e-11
1.43659e-11
1.43256e-11
1.42855e-11
1.42455e-11
1.42057e-11
1.41661e-11
1.41267e-11
1.40875e-11
1.40485e-11
1.40096e-11
1.39709e-11
1.39324e-11
1.38941e-11
1.38559e-11
1.3818e-11
1.37802e-11
1.37425e-11
1.37051e-11
1.36678e-11
1.36306e-11
1.35937e-11
1.35569e-11
1.35203e-11
1.34838e-11
1.34475e-11
1.34114e-11
1.33754e-11
1.33396e-11
1.3304e-11
1.32685e-11
1.32331e-11
1.31979e-11
1.31629e-11
1.31281e-11
1.30933e-11
1.30588e-11
1.30244e-11
1.29901e-11
1.2956e-11
1.2922e-11
1.28882e-11
1.28546e-11
1.2821e-11
1.27877e-11
1.27544e-11
1.27214e-11
1.26884e-11
1.26556e-11
1.26229e-11
1.25904e-11
1.2558e-11
1.25258e-11
1.24937e-11
1.24617e-11
1.24299e-11
1.23982e-11
1.23666e-11
1.23352e-11
1.23039e-11
1.22728e-11
1.22417e-11
1.22108e-11
1.21801e-11
1.21494e-11
1.21189e-11
1.20885e-11
1.20583e-11
1.20281e-11
1.19981e-11
1.19682e-11
1.19385e-11
1.19088e-11
1.18793e-11
1.18499e-11
1.18207e-11
1.17915e-11
1.17625e-11
1.17336e-11
1.17048e-11
1.16761e-11
1.16475e-11
1.16191e-11
1.15908e-11
1.15626e-11
1.15345e-11
1.15065e-11
1.14786e-11
1.14508e-11
1.14232e-11
1.13957e-11
1.13682e-11
1.13409e-11
1.13137e-11
1.12866e-11
1.12596e-11
1.12327e-11
1.1206e-11
1.11793e-11
1.11527e-11
1.11263e-11
1.10999e-11
1.10737e-11
1.10475e-11
1.10215e-11
1.09955e-11
1.09697e-11
1.09439e-11
1.09183e-11
1.08928e-11
1.08673e-11
1.0842e-11
1.08167e-11
1.07916e-11
1.07665e-11
1.07416e-11
1.07167e-11
1.0692e-11
1.06673e-11
1.06427e-11
1.06183e-11
1.05939e-11
1.05696e-11
1.05454e-11
1.05213e-11
1.04973e-11
1.04734e-11
1.04495e-11
1.04258e-11
1.04021e-11
1.03786e-11
1.03551e-11
1.03317e-11
1.03084e-11
1.02852e-11
1.02621e-11
1.02391e-11
1.02161e-11
1.01933e-11
1.01705e-11
1.01478e-11
1.01252e-11
1.01026e-11
1.00802e-11
1.00578e-11
1.00356e-11
1.00134e-11
9.99126e-12
9.96923e-12
9.94728e-12
9.92541e-12
9.90362e-12
9.88191e-12
9.86028e-12
9.83872e-12
9.81725e-12
9.79585e-12
9.77454e-12
9.75329e-12
9.73213e-12
9.71104e-12
9.69003e-12
9.66909e-12
9.64823e-12
9.62745e-12
9.60674e-12
9.5861e-12
9.56553e-12
9.54504e-12
9.52463e-12
9.50428e-12
9.48401e-12
9.46381e-12
9.44368e-12
9.42362e-12
9.40364e-12
9.38372e-12
9.36388e-12
9.3441e-12
9.32439e-12
9.30476e-12
9.28519e-12
9.26569e-12
9.24626e-12
9.22689e-12
9.2076e-12
9.18837e-12
9.1692e-12
9.15011e-12
9.13108e-12
9.11211e-12
9.09322e-12
9.07438e-12
9.05562e-12
9.03691e-12
9.01827e-12
8.9997e-12
8.98119e-12
8.96274e-12
8.94435e-12
8.92603e-12
8.90777e-12
8.88957e-12
8.87144e-12
8.85336e-12
8.83535e-12
8.8174e-12
8.79951e-12
8.78168e-12
8.76391e-12
8.74619e-12
8.72854e-12
8.71095e-12
8.69342e-12
8.67594e-12
8.65853e-12
8.64117e-12
8.62387e-12
8.60663e-12
8.58944e-12
8.57232e-12
8.55525e-12
8.53823e-12
8.52127e-12
8.50437e-12
8.48753e-12
8.47074e-12
8.454e-12
8.43732e-12
8.4207e-12
8.40413e-12
8.38761e-12
8.37115e-12
8.35474e-12
8.33838e-12
8.32208e-12
8.30583e-12
8.28964e-12
8.27349e-12
8.2574e-12
8.24136e-12
8.22538e-12
8.20944e-12
8.19356e-12
8.17772e-12
8.16194e-12
8.14621e-12
8.13053e-12
8.1149e-12
8.09932e-12
8.08379e-12
8.06831e-12
8.05287e-12
8.03749e-12
8.02216e-12
8.00687e-12
7.99164e-12
7.97645e-12
7.96131e-12
7.94621e-12
7.93117e-12
7.91617e-12
7.90122e-12
7.88632e-12
7.87146e-12
7.85665e-12
7.84189e-12
7.82717e-12
7.8125e-12
7.79787e-12
7.78329e-12
7.76876e-12
7.75427e-12
7.73983e-12
7.72543e-12
7.71107e-12
7.69676e-12
7.68249e-12
7.66827e-12
7.65409e-12
7.63996e-12
7.62587e-12
7.61182e-12
7.59781e-12
7.58385e-12
7.56993e-12
7.55605e-12
7.54222e-12
7.52843e-12
7.51468e-12
7.50097e-12
7.4873e-12
7.47367e-12
7.46009e-12
7.44655e-12
7.43304e-12
7.41958e-12
7.40616e-12
7.39278e-12
7.37944e-12
7.36614e-12
7.35288e-12
7.33966e-12
7.32648e-12
7.31334e-12
7.30023e-12
7.28717e-12
7.27415e-12
7.26116e-12
7.24821e-12
7.23531e-12
7.22244e-12
7.2096e-12
7.19681e-12
7.18405e-12
7.17133e-12
7.15865e-12
7.14601e-12
7.1334e-12
7.12083e-12
7.1083e-12
7.0958e-12
7.08334e-12
7.07092e-12
7.05853e-12
7.04618e-12
7.03387e-12
7.02159e-12
7.00934e-12
6.99714e-12
6.98496e-12
6.97283e-12
6.96072e-12
6.94866e-12
6.93662e-12
6.92463e-12
6.91266e-12
6.90073e-12
6.88884e-12
6.87698e-12
6.86515e-12
6.85336e-12
6.8416e-12
6.82988e-12
6.81819e-12
6.80653e-12
6.7949e-12
6.78331e-12
6.77175e-12
6.76022e-12
6.74873e-12
6.73727e-12
6.72584e-12
6.71444e-12
6.70308e-12
6.69175e-12
6.68045e-12
6.66918e-12
6.65794e-12
6.64674e-12
6.63556e-12
6.62442e-12
6.61331e-12
6.60223e-12
6.59118e-12
6.58016e-12
6.56917e-12
6.55821e-12
6.54728e-12
6.53639e-12
6.52552e-12
6.51468e-12
6.50388e-12
6.4931e-12
6.48235e-12
6.47164e-12
6.46095e-12
6.45029e-12
6.43966e-12
6.42906e-12
6.41849e-12
6.40795e-12
6.39743e-12
6.38695e-12
6.37649e-12
6.36606e-12
6.35566e-12
6.34529e-12
6.33495e-12
6.32464e-12
6.31435e-12
6.30409e-12
6.29386e-12
6.28366e-12
6.27348e-12
6.26333e-12
6.25321e-12
6.24312e-12
6.23305e-12
6.22301e-12
6.213e-12
6.20301e-12
6.19305e-12
6.18312e-12
6.17321e-12
6.16333e-12
6.15348e-12
6.14365e-12
6.13385e-12
6.12408e-12
6.11433e-12
6.1046e-12
6.09491e-12
6.08523e-12
6.07559e-12
6.06597e-12
6.05637e-12
6.0468e-12
6.03726e-12
6.02774e-12
6.01824e-12
6.00877e-12
5.99933e-12
5.98991e-12
5.98051e-12
5.97114e-12
5.96179e-12
5.95247e-12
5.94317e-12
5.9339e-12
5.92465e-12
5.91542e-12
5.90622e-12
5.89704e-12
5.88789e-12
5.87875e-12
5.86965e-12
5.86056e-12
5.8515e-12
5.84247e-12
5.83345e-12
5.82446e-12
5.81549e-12
5.80655e-12
5.79763e-12
5.78873e-12
5.77985e-12
5.771e-12
5.76217e-12
5.75336e-12
5.74457e-12
5.73581e-12
5.72707e-12
5.71835e-12
5.70965e-12
5.70098e-12
5.69232e-12
5.68369e-12
5.67508e-12
5.6665e-12
5.65793e-12
5.64938e-12
5.64086e-12
5.63236e-12
5.62388e-12
5.61542e-12
5.60698e-12
5.59857e-12
5.59017e-12
